

                                                   [38;2;177;177;81mX[38;2;160;203;98mb[38;2;153;182;89mX[38;2;160;188;83mPP[38;2;177;212;98mO[38;2;196;196;85mY[38;2;160;160;98m4[0m
                                         [38;2;255;255;136mM[38;2;153;182;82mg[38;2;157;193;86mG[38;2;158;189;86mP[38;2;157;188;87mP[38;2;157;189;87mPP[38;2;159;189;87mP[38;2;159;189;88mP[38;2;162;191;89mG[38;2;162;192;89mG[38;2;162;191;89mGG[38;2;162;192;88mGG[38;2;160;191;88mG[38;2;162;192;88mG[38;2;160;191;89mG[38;2;162;192;89mG[38;2;163;193;89mG[38;2;163;192;89mG[38;2;162;192;88mG[38;2;164;195;89mG[38;2;162;195;88mG[38;2;162;192;88mG[38;2;164;191;89mG[38;2;156;200;92mZ[0m
                                    [38;2;136;188;98mX[38;2;152;188;83mX[38;2;147;180;82mE[38;2;147;180;83mE[38;2;150;181;83mg[38;2;151;184;84mXX[38;2;152;184;85mX[38;2;159;192;87mG[38;2;163;198;89mZ[38;2;165;199;89mbb[38;2;167;199;90mbbb[38;2;167;199;91mb[38;2;167;198;90mZZZZ[38;2;167;199;91mb[38;2;168;199;91mb[38;2;169;200;91mb[38;2;170;202;91mb[38;2;170;203;91mY[38;2;172;205;92mY[38;2;173;206;92mYY[38;2;172;205;92mY[38;2;167;198;90mZ[38;2;163;192;89mG[38;2;162;192;89mGG[38;2;162;195;89mG[38;2;163;193;89mG[38;2;160;193;89mG[38;2;164;196;93mZ[0m
                                [38;2;120;177;81mV[38;2;138;173;80md[38;2;142;177;81m4[38;2;144;178;81mE[38;2;145;178;82mE[38;2;146;180;82mE[38;2;152;186;84mX[38;2;156;192;85mP[38;2;156;191;85mP[38;2;154;188;85mX[38;2;153;186;85mX[38;2;152;185;85mX[38;2;153;185;85mXX[38;2;156;186;86mX[38;2;158;189;87mP[38;2;160;192;88mG[38;2;164;196;89mZ[38;2;168;200;91mb[38;2;170;203;91mY[38;2;172;205;92mY[38;2;170;203;91mY[38;2;168;200;91mb[38;2;165;196;90mZ[38;2;162;193;89mG[38;2;162;192;89mGG[38;2;160;191;89mG[38;2;162;191;88mGG[38;2;160;192;88mG[38;2;162;192;88mG[38;2;160;191;89mG[38;2;164;195;89mG[38;2;168;200;91mb[38;2;173;206;92mY[38;2;178;212;93mO[38;2;181;217;95mA[38;2;181;217;94mA[38;2;172;205;91mY[38;2;163;192;88mG[38;2;163;195;89mG[38;2;164;195;89mG[38;2;163;192;89mG[38;2;160;193;89mG[0m
                             [38;2;150;172;75m4[38;2;140;176;79m4[38;2;141;174;79m4[38;2;141;176;79m4[38;2;141;174;79m4[38;2;149;185;82mg[38;2;150;186;83mX[38;2;147;182;82mg[38;2;146;180;82mE[38;2;145;178;82mE[38;2;146;180;82mE[38;2;147;180;83mE[38;2;149;181;83mg[38;2;151;184;84mX[38;2;156;189;85mP[38;2;160;195;87mG[38;2;162;196;88mG[38;2;159;192;87mG[38;2;154;186;86mX[38;2;157;189;87mP[38;2;158;189;87mP[38;2;159;189;87mP[38;2;159;191;88mP[38;2;163;193;89mG[38;2;162;192;89mG[38;2;164;193;89mG[38;2;163;193;87mG[38;2;159;189;89mP[38;2;158;186;88mP[38;2;162;195;87mG[38;2;156;191;89mP[38;2;160;198;88mZ[38;2;162;189;86mP[38;2;167;192;91mG[38;2;160;191;89mG[38;2;163;198;91mZ[38;2;164;193;90mG[38;2;163;192;89mG[38;2;162;193;89mG[38;2;160;192;87mG[38;2;163;192;89mG[38;2;162;192;88mG[38;2;163;192;88mG[38;2;162;192;88mGG[38;2;162;193;88mG[38;2;165;196;89mZ[38;2;163;193;88mG[38;2;164;195;89mGG[38;2;162;195;87mG[38;2;177;177;81mX[0m
                          [38;2;136;169;72mV[38;2;132;170;78mV[38;2;138;170;78mV[38;2;138;173;78md[38;2;140;176;79m4[38;2;145;182;81mE[38;2;143;178;80m4[38;2;141;174;80m44[38;2;142;174;80m4[38;2;143;176;81m4[38;2;143;177;81m4[38;2;145;178;82mE[38;2;150;184;83mg[38;2;154;191;85mP[38;2;154;189;85mP[38;2;149;181;83mg[38;2;150;184;84mg[38;2;152;185;84mX[38;2;154;186;85mX[38;2;156;188;85mP[38;2;156;191;89mP[38;2;172;196;85mZ[0m                         [38;2;180;214;93mO[38;2;162;196;89mG[38;2;165;198;89mZ[38;2;163;195;89mG[38;2;165;195;89mZ[38;2;168;199;90mb[38;2;160;191;89mG[0m
                        [38;2;131;168;77mh[38;2;133;168;76mh[38;2;133;168;77mh[38;2;135;170;78mV[38;2;141;178;79m4[38;2;138;173;78md[38;2;136;170;78mVV[38;2;138;172;79md[38;2;139;172;79md[38;2;140;173;79md[38;2;141;176;80m4[38;2;146;181;82mE[38;2;151;186;83mX[38;2;144;177;81m4[38;2;146;180;82mE[38;2;147;181;83mE[38;2;149;180;82mE[38;2;149;182;84mg[38;2;136;188;72mE[0m                           [38;2;118;157;72mm[38;2;120;164;73mS[38;2;116;157;73mm[38;2;112;158;70mm[38;2;98;145;68m2[0m
                     [38;2;136;136;72mp[38;2;129;167;75mh[38;2;132;168;75mh[38;2;131;167;75mh[38;2;138;176;78md[38;2;134;170;77mV[38;2;132;167;77mh[38;2;133;168;77mh[38;2;134;168;77mV[38;2;135;169;78mV[38;2;135;170;78mV[38;2;136;170;78mV[38;2;140;174;79m4[38;2;146;184;82mg[38;2;142;176;80m4[38;2;143;177;80m4[38;2;145;178;81mEE[38;2;169;208;88mY[0m              [38;2;157;181;88mX[38;2;163;191;87mG[0m               [38;2;117;156;75mm[38;2;118;160;73mq[38;2;116;158;73mm[38;2;115;158;73mm[38;2;114;157;72mmm[38;2;113;154;72mm[38;2;112;154;72m6[38;2;112;156;72mm[38;2;113;153;72m6[38;2;98;136;72m3[0m
                   [38;2;112;150;67mp[38;2;130;167;75mh[38;2;131;167;76mh[38;2;131;168;76mh[38;2;135;173;77mV[38;2;130;167;76mh[38;2;129;164;75mg[38;2;130;165;76mh[38;2;131;165;76mh[38;2;132;167;77mh[38;2;133;168;77mh[38;2;134;168;77mV[38;2;139;174;79md[38;2;144;181;81mE[38;2;139;174;79md[38;2;139;173;79md[38;2;143;177;81m4[38;2;150;196;85mP[0m               [38;2;150;196;85mP[38;2;162;192;89mG[38;2;165;198;90mZ[38;2;164;195;90mZ[38;2;164;193;89mG[38;2;188;188;98mb[0m               [38;2;107;153;76m6[38;2;116;158;73mm[38;2;115;157;72mm[38;2;114;158;73mm[38;2;122;173;75mh[38;2;120;169;75mg[38;2;114;159;73mm[38;2;111;154;72m66[38;2;110;153;72m6[38;2;111;156;71m6[38;2;112;154;73m6[38;2;111;160;70mm[0m
                 [38;2;98;160;64mF[38;2;132;165;75mh[38;2;131;167;76mh[38;2;134;170;77mV[38;2;134;172;77mV[38;2;129;165;75mh[38;2;129;164;75mggg[38;2;129;164;76mg[38;2;130;165;76mh[38;2;131;167;76mh[38;2;135;172;77mV[38;2;140;177;79m4[38;2;136;170;78mV[38;2;138;172;79md[38;2;136;177;76md[0m                [38;2;164;196;85mG[38;2;163;195;89mG[38;2;165;196;89mZ[38;2;169;202;91mb[38;2;165;196;90mZZ[38;2;169;200;91mb[38;2;165;196;89mZ[38;2;165;196;91mZ[38;2;163;191;87mG[0m                [38;2;114;154;74mm[38;2;115;159;72mm[38;2;114;158;72mm[38;2;116;162;73mqq[38;2;113;159;73mm[38;2;115;162;73mqq[38;2;109;154;71m6[38;2;109;153;71mp[38;2;109;154;71m6[38;2;107;154;72mp[38;2;107;156;71m6[38;2;98;145;68m2[0m
                [38;2;129;164;75mg[38;2;132;168;76mh[38;2;133;170;77mV[38;2;133;170;76mV[38;2;129;164;75mggggggg[38;2;131;167;76mh[38;2;138;176;78md[38;2;133;169;77mV[38;2;134;170;77mV[38;2;136;169;79mV[0m            [38;2;177;177;81mX[38;2;156;200;92mZ[38;2;170;203;92mY[38;2;164;191;88mG[38;2;162;192;88mG[38;2;163;193;89mG[38;2;162;193;89mG[38;2;169;202;91mb[38;2;168;200;91mb[38;2;162;192;89mGGGG[38;2;168;200;91mb[38;2;169;202;91mb[38;2;162;193;89mG[38;2;163;195;89mG[38;2;162;193;89mG[38;2;163;192;89mG[38;2;167;202;91mb[38;2;164;196;85mG[38;2;177;212;98mO[38;2;255;255;98mW[0m           [38;2;109;169;72mq[38;2;112;156;72mmm[38;2;115;162;73mq[38;2;112;157;72mm[38;2;110;153;72m6[38;2;110;154;71m6[38;2;111;157;72mm[38;2;112;159;73mm[38;2;112;160;73mm[38;2;108;153;71mp[38;2;107;153;71mpp[38;2;106;153;71mp[38;2;102;150;72mF[0m
              [38;2;131;165;75mh[38;2;131;167;76mh[38;2;131;168;76mh[38;2;134;172;77mV[38;2;129;164;75mgggggggg[38;2;134;172;77mV[38;2;131;167;76mh[38;2;131;168;76mh[38;2;132;170;74mh[0m             [38;2;162;191;88mG[38;2;169;202;91mb[38;2;162;191;89mG[38;2;162;192;88mG[38;2;164;195;89mG[38;2;172;203;91mY[38;2;170;203;91mY[38;2;165;196;90mZ[38;2;162;192;89mGGGGGGGG[38;2;164;196;89mZ[38;2;169;202;91mb[38;2;172;205;92mY[38;2;167;198;90mZ[38;2;162;191;89mG[38;2;160;192;89mG[38;2;169;202;91mb[38;2;163;191;89mG[0m             [38;2;109;136;72m5[38;2;112;158;72mm[38;2;111;157;72mm[38;2;115;162;73mq[38;2;110;153;71m6[38;2;109;153;71mpp[38;2;108;152;71mp[38;2;108;153;71mp[38;2;109;157;72m6[38;2;111;159;72mm[38;2;109;157;72m6[38;2;105;152;71mp[38;2;106;153;71mp[38;2;104;153;71mp[38;2;98;145;68m2[0m
            [38;2;136;255;72mO[38;2;129;164;75mg[38;2;131;168;76mh[38;2;136;174;77md[38;2;130;165;75mh[38;2;129;164;75mgggggggg[38;2;132;169;76mh[38;2;131;165;76mh[38;2;126;165;75mg[0m               [38;2;162;192;88mG[38;2;176;209;93mk[38;2;165;198;90mZ[38;2;164;195;89mG[38;2;163;193;89mG[38;2;162;192;89mGGGGGGGGGGGGGGG[38;2;163;193;89mG[38;2;164;196;89mZ[38;2;177;211;93mO[38;2;163;191;89mG[0m               [38;2;107;147;71mF[38;2;112;156;72mm[38;2;112;158;72mm[38;2;110;153;71m6[38;2;109;153;71mp[38;2;108;152;71mpp[38;2;107;152;71mp[38;2;106;152;71mp[38;2;106;151;71mp[38;2;107;154;71mp[38;2;109;159;72mm[38;2;107;156;71m6[38;2;105;153;71mp[38;2;104;153;71mp[38;2;105;156;72mp[0m
           [38;2;120;177;81mV[38;2;128;163;75mg[38;2;136;176;77md[38;2;131;168;76mh[38;2;129;164;75mggggggggg[38;2;133;170;77mV[38;2;129;164;75mg[38;2;98;136;72m3[0m                [38;2;120;177;81mV[38;2;160;191;89mG[38;2;173;206;92mY[38;2;162;192;89mGGGGGGGGGGGGGGGGGG[38;2;169;202;91mb[38;2;162;192;88mG[38;2;167;192;91mG[0m                [38;2;98;160;64mF[38;2;110;153;71m6[38;2;112;158;72mm[38;2;109;153;71mpp[38;2;108;152;71mp[38;2;107;152;71mpp[38;2;106;151;71mp[38;2;105;151;71mppF[38;2;106;154;71mp[38;2;110;162;72mm[38;2;102;150;71mF[38;2;105;143;69m5[0m
           [38;2;136;169;72mV[38;2;129;164;75mg[38;2;131;169;76mh[38;2;135;174;77md[38;2;131;167;76mh[38;2;129;164;75mgggggggg[38;2;133;170;77mV[38;2;130;164;76mg[38;2;125;160;77mS[0m                 [38;2;154;192;91mP[38;2;164;196;89mZ[38;2;172;205;92mY[38;2;162;192;89mGGGGGGGGGGGGGGGG[38;2;168;200;91mb[38;2;165;196;90mZ[38;2;160;191;88mG[0m                 [38;2;107;147;71mF[38;2;111;156;72m6[38;2;111;157;72mm[38;2;110;153;71m6[38;2;109;153;71mp[38;2;108;152;71mpp[38;2;107;152;71mp[38;2;106;152;71mp[38;2;106;151;71mp[38;2;105;151;71mpF[38;2;107;156;71m6[38;2;105;153;71mp[38;2;103;150;71mF[38;2;112;150;67mp[0m
             [38;2;129;165;75mh[38;2;132;167;75mh[38;2;130;167;76mh[38;2;135;173;77mV[38;2;134;172;77mV[38;2;131;167;76mh[38;2;129;164;75mgggggg[38;2;132;169;76mh[38;2;132;168;76mh[38;2;127;164;76mg[0m                 [38;2;157;195;88mG[38;2;165;196;89mZ[38;2;172;205;92mY[38;2;164;195;89mG[38;2;162;192;89mGGGGGGGGGGGGG[38;2;172;205;92mY[38;2;165;196;90mZ[38;2;159;189;89mP[0m                 [38;2;111;153;73m6[38;2;112;157;72mm[38;2;114;159;73mm[38;2;111;153;72m6[38;2;110;153;71m6[38;2;109;153;71mpp[38;2;108;152;71mp[38;2;107;152;71mpp[38;2;106;151;71mp[38;2;107;153;71mp[38;2;110;160;72mm[38;2;106;153;71mp[38;2;105;151;71mp[0m
               [38;2;126;169;77mh[38;2;130;167;76mh[38;2;130;167;75mh[38;2;129;165;75mh[38;2;135;173;77mVV[38;2;132;168;76mh[38;2;130;165;75mh[38;2;129;164;75mggg[38;2;134;172;77mV[38;2;130;167;76mh[38;2;131;167;76mh[38;2;132;168;76mh[0m                [38;2;160;160;77md[38;2;162;193;89mG[38;2;164;195;89mG[38;2;172;205;92mY[38;2;164;195;89mG[38;2;162;192;89mGGGGGGGGG[38;2;168;200;91mb[38;2;169;200;91mb[38;2;164;196;90mZ[38;2;158;184;87mX[0m                [38;2;109;152;72mp[38;2;113;157;72mmm[38;2;115;160;73mq[38;2;111;154;72m66[38;2;110;153;72m6[38;2;110;153;71m6[38;2;109;153;71mp[38;2;108;152;71mpp[38;2;108;153;71mp[38;2;111;160;72mm[38;2;107;154;71mp[38;2;106;152;71mp[38;2;98;142;70m2[0m
                  [38;2;130;168;75mh[38;2;130;168;76mh[38;2;131;167;76mh[38;2;130;165;75mh[38;2;130;165;76mh[38;2;136;174;77md[38;2;134;172;77mV[38;2;131;168;76mh[38;2;129;165;75mh[38;2;130;165;75mh[38;2;135;173;77mV[38;2;131;167;75mh[38;2;130;168;75mh[38;2;131;167;76mh[0m                [38;2;164;196;89mZZ[38;2;164;195;89mG[38;2;172;205;92mY[38;2;167;198;90mZ[38;2;163;193;89mG[38;2;162;192;89mGGG[38;2;165;196;90mZ[38;2;170;203;91mY[38;2;167;199;90mb[38;2;164;196;89mZ[38;2;164;195;89mG[38;2;98;255;98mb[0m               [38;2;107;153;76m6[38;2;114;157;73mm[38;2;116;159;73mq[38;2;119;164;74mS[38;2;113;157;73mm[38;2;112;154;72m6[38;2;111;154;72m66[38;2;111;153;72m6[38;2;110;153;71m6[38;2;109;153;71mp[38;2;110;154;72m6[38;2;113;160;73mq[38;2;108;154;71m6[38;2;108;156;71m6[38;2;105;154;71mp[0m
                     [38;2;129;150;75mq[38;2;130;164;75mg[38;2;129;165;75mh[38;2;130;165;75mhhh[38;2;135;174;77md[38;2;135;173;77mV[38;2;134;172;77mV[38;2;138;176;77md[38;2;130;165;76mh[38;2;130;167;76mh[38;2;131;165;76mh[38;2;122;167;79mg[0m               [38;2;162;195;87mG[38;2;164;193;90mG[38;2;163;195;89mG[38;2;164;195;89mG[38;2;172;205;92mYY[38;2;168;199;91mb[38;2;163;195;89mG[38;2;163;193;89mG[38;2;163;195;89mG[38;2;136;188;98mX[0m               [38;2;115;160;72mq[38;2;116;158;73mm[38;2;118;159;73mq[38;2;120;164;74mS[38;2;117;160;73mq[38;2;113;156;72mmm[38;2;112;154;72m6[38;2;111;154;72m666[38;2;111;156;72mm[38;2;115;163;73mq[38;2;110;156;72m6[38;2;110;154;71m6[38;2;106;153;72mp[0m
                         [38;2;131;165;75mh[38;2;129;165;75mh[38;2;130;164;76mg[38;2;129;164;75mg[38;2;130;164;75mgg[38;2;133;170;76mV[38;2;142;182;79mE[38;2;141;181;78mE[38;2;131;167;76mhh[38;2;131;169;77mh[38;2;98;160;64mF[0m              [38;2;177;212;98mO[38;2;163;195;89mG[38;2;164;195;89mG[38;2;163;195;89mG[38;2;164;196;89mZ[38;2;168;199;89mb[0m               [38;2;120;145;68mp[38;2;120;163;74mS[38;2;118;160;74mq[38;2;118;158;73mq[38;2;121;165;74mg[38;2;119;162;74mq[38;2;115;157;73mm[38;2;114;156;72mmm[38;2;113;156;72mm[38;2;112;156;72mm[38;2;112;154;72m6[38;2;114;159;73mm[38;2;116;164;73mq[38;2;111;156;72m66[38;2;109;156;72m6[0m
                         [38;2;255;255;55m@[0m    [38;2;132;167;74mh[38;2;127;165;75mg[38;2;131;167;75mh[38;2;130;167;76mh[38;2;130;165;75mh[38;2;131;165;76mh[38;2;132;168;76mh[38;2;133;168;77mh[38;2;135;170;77mV[38;2;140;177;75m4[0m                              [38;2;125;160;72mS[38;2;120;160;73mq[38;2;121;160;73mq[38;2;120;160;73mq[38;2;120;160;74mq[38;2;123;167;75mg[38;2;119;162;74mq[38;2;117;157;73mm[38;2;116;157;73mm[38;2;115;157;73mmm[38;2;114;156;72mm[38;2;115;159;73mq[38;2;119;164;74mS[38;2;115;158;73mm[38;2;113;156;72mmm[38;2;108;152;70mp[0m
                         [38;2;150;182;83mg[38;2;153;188;85mX[38;2;150;184;83mg[38;2;147;181;82mE[38;2;147;182;83mg[38;2;152;188;83mX[38;2;169;208;88mY[0m   [38;2;120;120;60mw[38;2;133;163;73mg[38;2;133;167;75mh[38;2;134;169;78mV[38;2;136;169;79mV[0m                         [38;2;120;145;68mp[38;2;124;162;74mS[38;2;124;163;75mgg[38;2;122;162;74mS[38;2;121;159;74mq[38;2;124;164;75mg[38;2;125;169;75mh[38;2;122;164;74mg[38;2;119;159;73mq[38;2;118;158;73mqq[38;2;117;158;73mq[38;2;117;157;73mm[38;2;118;160;73mq[38;2;120;165;74mS[38;2;119;163;74mS[38;2;116;158;73mm[38;2;115;158;73mm[38;2;116;158;73mm[38;2;98;125;64mC[0m
                         [38;2;136;136;72mp[38;2;150;180;82mE[38;2;149;181;83mg[38;2;149;184;83mg[38;2;150;184;83mgg[38;2;145;178;82mE[38;2;143;177;81m4[38;2;144;177;81m44[38;2;145;178;81mEEE[38;2;144;178;79mE[38;2;143;178;79m4[38;2;131;165;83mh[38;2;125;160;77mS[0m              [38;2;55;255;55m2[38;2;125;160;77mS[38;2;121;169;72mg[38;2;133;170;77mV[38;2;127;167;76mh[38;2;129;167;75mh[38;2;128;164;75mg[38;2;127;164;75mg[38;2;125;162;75mg[38;2;125;163;74mg[38;2;124;162;74mS[38;2;127;167;75mh[38;2;129;170;76mh[38;2;127;168;75mh[38;2;123;163;74mS[38;2;121;159;74mq[38;2;120;159;74mqq[38;2;119;159;73mq[38;2;120;159;74mq[38;2;120;163;74mS[38;2;122;168;75mg[38;2;120;163;74mS[38;2;117;158;73mq[38;2;117;159;73mq[38;2;115;160;72mq[38;2;111;157;74mm[0m
                            [38;2;98;160;64mF[38;2;150;180;83mE[38;2;147;181;82mE[38;2;146;180;82mE[38;2;145;178;81mE[38;2;159;198;85mG[38;2;159;199;86mG[38;2;156;192;84mP[38;2;150;186;83mX[38;2;145;178;81mE[38;2;140;174;80m4[38;2;141;174;79m4[38;2;139;172;79md[38;2;140;173;79md[38;2;139;173;79md[38;2;138;172;78md[38;2;136;172;79mV[38;2;136;172;78mV[38;2;136;168;78mV[38;2;134;169;78mV[38;2;133;168;77mh[38;2;134;169;77mVV[38;2;132;168;77mh[38;2;132;167;77mh[38;2;131;167;76mhh[38;2;131;165;76mh[38;2;130;165;76mh[38;2;130;165;75mh[38;2;129;164;75mgg[38;2;128;163;75mg[38;2;132;169;76mh[38;2;133;173;77mV[38;2;132;173;77mV[38;2;130;169;76mh[38;2;128;167;76mh[38;2;125;163;75mg[38;2;124;162;74mS[38;2;123;160;74mS[38;2;122;160;74mSS[38;2;122;162;74mS[38;2;124;164;75mg[38;2;125;168;75mhh[38;2;119;159;73mq[38;2;119;159;74mq[38;2;120;159;74mq[38;2;118;159;73mq[38;2;117;153;71mm[0m
                               [38;2;98;255;98mb[38;2;152;185;81mX[38;2;149;180;82mE[38;2;144;178;82mE[38;2;144;177;81m4[38;2;143;176;81m4[38;2;149;185;82mg[38;2;151;186;83mX[38;2;149;185;82mg[38;2;146;182;81mE[38;2;145;181;81mE[38;2;144;181;81mE[38;2;144;180;81mE[38;2;144;181;81mE[38;2;144;181;80mE[38;2;143;180;81mE[38;2;143;181;80mE[38;2;143;180;80mE[38;2;142;180;79mE[38;2;142;178;79m4[38;2;141;178;79m4[38;2;140;177;79m4[38;2;139;176;78m44[38;2;136;174;78md[38;2;135;172;77mV[38;2;133;170;77mV[38;2;132;168;76mh[38;2;130;167;76mh[38;2;129;165;75mh[38;2;128;163;75mg[38;2;127;163;75mg[38;2;126;163;75mggg[38;2;127;165;75mg[38;2;128;168;75mh[38;2;129;169;76mh[38;2;129;170;76mh[38;2;125;165;75mg[38;2;121;160;74mq[38;2;121;162;74mS[38;2;120;162;74mS[38;2;120;159;73mq[38;2;117;160;73mq[38;2;136;188;72mE[0m
                                   [38;2;136;169;88md[38;2;144;181;80mE[38;2;144;176;82m4[38;2;144;178;81mE[38;2;142;176;80m4[38;2;141;174;79m4[38;2;140;173;79md[38;2;141;174;79m4[38;2;145;181;81mE[38;2;146;182;81mE[38;2;145;182;81mE[38;2;144;181;81mE[38;2;143;178;80m4[38;2;141;177;79m4[38;2;140;176;79m4[38;2;139;174;78md[38;2;138;173;78md[38;2;136;172;78mVV[38;2;135;170;78mV[38;2;135;172;77mV[38;2;134;170;77mV[38;2;134;172;77mV[38;2;135;172;77mV[38;2;134;172;77mV[38;2;135;173;77mV[38;2;135;174;77md[38;2;134;173;77mV[38;2;133;172;76mV[38;2;128;167;75mh[38;2;126;163;74mg[38;2;125;162;75mg[38;2;125;162;74mS[38;2;124;163;74mg[38;2;125;163;74mg[38;2;124;163;74mg[38;2;118;160;73mq[38;2;160;160;64mh[0m
                                        [38;2;136;169;72mV[38;2;145;177;81mE[38;2;141;173;79md[38;2;138;173;78md[38;2;139;173;78md[38;2;138;172;78mdd[38;2;136;172;79mV[38;2;135;170;77mV[38;2;135;169;77mV[38;2;134;169;77mV[38;2;134;168;77mV[38;2;133;167;77mh[38;2;132;168;77mh[38;2;132;165;77mh[38;2;132;167;76mh[38;2;131;165;76mh[38;2;131;164;76mh[38;2;130;165;75mhh[38;2;128;165;75mg[38;2;128;164;76mg[38;2;128;165;76mg[38;2;129;164;75mg[38;2;129;165;75mh[38;2;127;164;76mg[38;2;125;160;77mS[0m
                                                 [38;2;136;136;72mp[38;2;136;188;72mE[38;2;120;177;81mV[38;2;136;160;72mg[38;2;136;188;83mE[38;2;136;160;72mg[38;2;120;145;81m6[38;2;136;188;72mE[38;2;136;136;72mp[0m
